2
[[0,0,2,0,0,0],[0,0,2,10,10,10],[0,0,1,1,4,0],[0,0,0,0,4,0],[0,0,0,0,7,0],[0,0,0,0,7,0]]
[[0,0,0,11,2,2],[0,0,0,11,0,0],[0,1,1,11,0,0],[3,9,9,9,0,0],[3,0,0,0,0,0],[4,4,5,5,0,0]]
[[0,0,0,0,0,0],[0,0,10,0,0,0],[1,1,10,0,0,0],[0,0,10,0,0,0],[2,0,0,0,0,0],[2,0,9,9,9,0]]
[[0,0,0,0,0,0],[12,0,0,11,0,0],[12,1,1,11,0,0],[12,0,0,11,0,0],[4,0,0,0,0,0],[4,0,10,10,10,0]]
[[2,2,0,0,10,0],[0,0,0,0,10,0],[0,9,1,1,10,4],[3,9,0,6,0,4],[3,9,0,6,5,5],[0,0,0,11,11,11]]
[[2,2,0,0,0,11],[10,0,0,13,0,11],[10,1,1,13,0,11],[10,0,0,13,0,0],[3,0,0,0,4,4],[3,0,9,9,9,0]]
[[2,3,3,0,0,12],[2,0,9,0,0,12],[1,1,9,0,0,12],[0,0,9,11,11,11],[0,0,0,0,4,0],[10,10,10,0,4,0]]
[[0,0,0,4,4,12],[0,0,0,0,3,12],[0,1,1,0,3,12],[0,0,9,11,11,11],[2,0,9,0,0,0],[2,0,9,10,10,10]]
[[0,0,8,11,11,11],[2,0,8,10,0,0],[2,1,1,10,0,0],[0,5,0,10,7,7],[3,5,4,4,0,6],[3,9,9,9,0,6]]
[[3,3,0,0,0,12],[9,0,0,10,0,12],[9,1,1,10,0,12],[9,0,0,10,0,0],[2,0,0,0,5,5],[2,0,11,11,11,0]]

[[0, 0, 0, 0, 0, 0], [0, 0, 0, 0, 0, 0], [0, 0, 0, 0, 0, 0], [0, 0, 0, 0, 0, 0], [0, 0, 0, 0, 0, 0], [0, 0, 0, 0, 0, 0]]
[[0, 0, 0, 0, 0, 0], [0, 0, 0, 0, 0, 0], [0, 0, 0, 0, 0, 0], [0, 0, 0, 0, 0, 0], [0, 0, 0, 0, 0, 0], [0, 0, 0, 0, 0, 0]]
[[0, 0, 0, 0, 0, 0], [0, 0, 0, 0, 0, 0], [0, 0, 0, 0, 0, 0], [0, 0, 0, 0, 0, 0], [0, 0, 0, 0, 0, 0], [0, 0, 0, 0, 0, 0]]
[[0, 0, 0, 0, 0, 0], [0, 0, 0, 0, 0, 0], [0, 0, 0, 0, 0, 0], [0, 0, 0, 0, 0, 0], [0, 0, 0, 0, 0, 0], [0, 0, 0, 0, 0, 0]]
[[0, 0, 0, 0, 0, 0], [0, 0, 0, 0, 0, 0], [0, 0, 0, 0, 0, 0], [0, 0, 0, 0, 0, 0], [0, 0, 0, 0, 0, 0], [0, 0, 0, 0, 0, 0]]
[[0, 0, 0, 0, 0, 0], [0, 0, 0, 0, 0, 0], [0, 0, 0, 0, 0, 0], [0, 0, 0, 0, 0, 0], [0, 0, 0, 0, 0, 0], [0, 0, 0, 0, 0, 0]]
[[0, 0, 0, 0, 0, 0], [0, 0, 0, 0, 0, 0], [0, 0, 0, 0, 0, 0], [0, 0, 0, 0, 0, 0], [0, 0, 0, 0, 0, 0], [0, 0, 0, 0, 0, 0]]
[[0, 0, 0, 0, 0, 0], [0, 0, 0, 0, 0, 0], [0, 0, 0, 0, 0, 0], [0, 0, 0, 0, 0, 0], [0, 0, 0, 0, 0, 0], [0, 0, 0, 0, 0, 0]]
[[0, 0, 0, 0, 0, 0], [0, 0, 0, 0, 0, 0], [0, 0, 0, 0, 0, 0], [0, 0, 0, 0, 0, 0], [0, 0, 0, 0, 0, 0], [0, 0, 0, 0, 0, 0]]
[[0, 0, 0, 0, 0, 0], [0, 0, 0, 0, 0, 0], [0, 0, 0, 0, 0, 0], [0, 0, 0, 0, 0, 0], [0, 0, 0, 0, 0, 0], [0, 0, 0, 0, 0, 0]]
X
