08
F[[0,0,0,0,0,0],[0,0,0,0,0,0],[0,0,1,1,0,0],[0,0,0,0,0,0],[0,0,0,0,0,0],[0,0,0,0,0,0]]
F[[0,0,0,0,0,0],[0,0,10,0,0,0],[1,1,10,0,0,0],[0,0,10,0,0,0],[2,0,0,0,0,0],[2,0,9,9,9,0]]
F[[0,0,2,0,0,0],[0,0,2,10,10,10],[0,0,1,1,4,0],[0,0,0,0,4,0],[0,0,0,0,7,0],[0,0,0,0,7,0]]
F[[0,0,0,0,0,0],[12,0,0,11,0,0],[12,1,1,11,0,0],[12,0,0,11,0,0],[4,0,0,0,0,0],[4,0,10,10,10,0]]
F[[0,0,0,11,2,2],[0,0,0,11,0,0],[0,1,1,11,0,0],[3,9,9,9,0,0],[3,0,0,0,0,0],[4,4,5,5,0,0]]
F[[9,0,0,10,0,0],[9,0,0,10,0,0],[9,1,1,10,0,0],[0,0,4,11,11,11],[0,0,4,0,0,2],[0,0,12,12,12,2]]
F[[2,2,0,0,0,11],[10,0,0,13,0,11],[10,1,1,13,0,11],[10,0,0,13,0,0],[3,0,0,0,4,4],[3,0,9,9,9,0]]
F[[2,2,0,0,10,0],[0,0,0,0,10,0],[0,9,1,1,10,4],[3,9,0,6,0,4],[3,9,0,6,5,5],[0,0,0,11,11,11]]
F[[0,0,0,4,4,12],[0,0,0,0,3,12],[0,1,1,0,3,12],[0,0,9,11,11,11],[2,0,9,0,0,0],[2,0,9,10,10,10]]
F[[2,3,3,0,0,12],[2,0,9,0,0,12],[1,1,9,0,0,12],[0,0,9,11,11,11],[0,0,0,0,4,0],[10,10,10,0,4,0]]
F[[0,2,3,3,4,4],[0,2,0,0,5,5],[1,1,0,0,11,6],[9,10,10,10,11,6],[9,0,0,0,11,7],[9,0,0,0,0,7]]
F[[3,3,0,0,0,12],[9,0,0,10,0,12],[9,1,1,10,0,12],[9,0,0,10,0,0],[2,0,0,0,5,5],[2,0,11,11,11,0]]
F[[0,0,8,11,11,11],[2,0,8,10,0,0],[2,1,1,10,0,0],[0,5,0,10,7,7],[3,5,4,4,0,6],[3,9,9,9,0,6]]
F[[0,2,2,3,3,0],[12,9,4,4,10,11],[12,9,1,1,10,11],[12,9,5,6,10,11],[0,0,5,6,7,7],[0,0,0,8,8,0]]
F[[2,9,9,9,0,0],[2,0,5,5,4,4],[1,1,3,0,0,0],[6,6,3,12,0,0],[10,10,10,12,7,8],[11,11,11,12,7,8]]
F[[2,2,4,12,0,0],[3,3,4,12,0,0],[9,1,1,12,0,0],[9,11,11,11,0,0],[9,5,5,0,0,0],[10,10,10,0,0,0]]
F[[0,0,2,3,3,0],[0,0,2,0,5,0],[0,4,1,1,5,0],[0,4,6,6,7,0],[0,10,10,10,7,0],[0,0,0,0,0,0]]
F[[7,7,8,9,0,0],[11,0,8,9,0,0],[11,1,1,9,0,0],[11,12,12,12,0,0],[0,0,0,0,0,0],[0,0,0,10,10,10]]
F[[0,0,9,9,9,10],[0,0,6,4,4,10],[0,0,6,1,1,10],[0,0,8,2,3,3],[0,0,8,2,5,5],[0,0,13,13,13,0]]
F[[11,12,12,12,6,6],[11,8,7,7,0,9],[11,8,1,1,0,9],[10,10,10,3,0,9],[0,0,4,3,2,2],[5,5,4,0,0,0]]
["[['10', 2, 2, 0, 0, 0], ['10', 0, 0, 0, 0, 0], ['10', 0, 0, 0, 1, 1], [3, 0, 0, '13', 0, '11'], [3, 4, 4, '13', 0, '11'], [9, 9, 9, '13', 0, '11']]"]